1585523048092141
1585523048013496
1585523048013077
1585523048013155
1585523048014066
1585523048013046
1585523048013082
1585523048013082
1585523048013177
1585523048013977
1585523048013050
1585523048013061
1585523048013066
1585523048013999
1585523048013046
1585523048013064
1585523048013048
1585523048013085
1585523048013983
1585523048013054
1585523048013048
1585523048013091
1585523048013992
1585523048013055
1585523048013039
1585523048013082
1585523048013054
1585523048014027
1585523048013048
1585523048013079
1585523048013050
1585523048014021
1585523048013055
1585523048013077
1585523048013057
1585523048013136
1585523048014011
1585523048013063
1585523048013046
1585523048013061
1585523048013080
1585523048013987
1585523048013082
1585523048013095
1585523048013125
1585523048014009
1585523048013048
1585523048013106
1585523048013067
1585523048013073
