1585523048023968
1585523048010101
1585523048009774
1585523048009783
1585523048010742
1585523048009722
1585523048009698
1585523048009751
1585523048009787
1585523048010662
1585523048009716
1585523048009716
1585523048009700
1585523048010638
1585523048009736
1585523048009716
1585523048009697
1585523048009721
1585523048010641
1585523048009731
1585523048009735
1585523048009712
1585523048010698
1585523048009707
1585523048009727
1585523048009714
1585523048009737
1585523048010680
1585523048009765
1585523048009729
1585523048009695
1585523048010640
1585523048009740
1585523048009740
1585523048009758
1585523048009718
1585523048010644
1585523048009745
1585523048009754
1585523048009729
1585523048009721
1585523048010629
1585523048009723
1585523048009742
1585523048009695
1585523048010675
1585523048009730
1585523048009719
1585523048009707
1585523048009734
