1585523048148087
1585523048019730
1585523048019205
1585523048019238
1585523048020245
1585523048019131
1585523048019135
1585523048019153
1585523048019166
1585523048020187
1585523048019133
1585523048019138
1585523048019138
1585523048020205
1585523048019133
1585523048019140
1585523048019135
1585523048019153
1585523048020181
1585523048019135
1585523048019126
1585523048019148
1585523048020176
1585523048019130
1585523048019124
1585523048019141
1585523048019133
1585523048020183
1585523048019136
1585523048019133
1585523048019131
1585523048020175
1585523048019135
1585523048019146
1585523048019138
1585523048019133
1585523048020173
1585523048019141
1585523048019121
1585523048019136
1585523048019143
1585523048020203
1585523048019133
1585523048019133
1585523048019143
1585523048020178
1585523048019128
1585523048019131
1585523048019140
1585523048019138
