1585523048031137
1585523048015858
1585523048015462
1585523048015560
1585523048016575
1585523048015435
1585523048015407
1585523048015405
1585523048015410
1585523048016525
1585523048015414
1585523048015399
1585523048015404
1585523048016461
1585523048015400
1585523048015453
1585523048015409
1585523048015407
1585523048016465
1585523048015404
1585523048015409
1585523048015422
1585523048016467
1585523048015390
1585523048015414
1585523048015442
1585523048015402
1585523048016485
1585523048015468
1585523048015432
1585523048015425
1585523048016485
1585523048015407
1585523048015427
1585523048015414
1585523048015398
1585523048016467
1585523048015435
1585523048015425
1585523048015424
1585523048015395
1585523048016457
1585523048015417
1585523048015427
1585523048015407
1585523048016464
1585523048015432
1585523048015445
1585523048015414
1585523048015404
